/*
01000100 01101001 01100011 01101011 01100010 01110101 01110100 01110100 01000100 01101001 01100011 01101011 01100010 01110101 01110100 01110100 01000100 01101001 01100011 01101011 01100010 01110101 01110100 01110100 01000100 01101001 01100011 01101011 01100010 01110101 01110100 01110100 01000100 
01000100 01101001 01100011 01101011 01100010 01110101 01110100 01110100 
01000100 01101001 01100011 01101011 01100010 01110101 01110100 01110100 
01000100 01101001 01100011 01101011 01100010 01110101 01110100 01110100 
01000100 01101001 01100011 01101011 01100010 01110101 01110100 01110100 
01000100 01101001 01100011 01101011 01100010 01110101 01110100 01110100 
01000100 01101001 01100011 01101011 01100010 01110101 01110100 01110100 
*/

